-debug-
39020000
39020001
-event-
32500100
32500105
32508000
32508010
32508020
32500110
32510100
32510105
32510110
32010050
32019500
32010070
32018400
32018410
32010100
32010110
32010120
32010150
32019000
32010200
32010300
32010400
32010500
32010510
32010520
32010530
32010540
32010550
32010560
32010600
32010610
32010620
32010630
32010640
32010650
32010660
32019100
32010700
32010800
32010900
32011000
32018000
32018100
32011100
32500120
32510120
32011200
32011300
32019200
32011400
32011250
32011350
32019300
32011450
32011500
32011600
32018200
32018210
32018220
32018230
32018240
32018250
32018260
32018270
32018280
32018290
32011700
32018300
32018310
32018320
32018330
32018340
32018350
32018360
32018370
32019400
32011800
32500130
32510130
32020100
32020200
32020300
32020350
32028500
32020400
32020500
32020550
32020600
32020700
32020800
32028000
32020900
32021000
32028100
32028200
32021100
32021200
32021300
32028300
32028310
32028320
32028330
32021400
32029000
32021500
32028400
32021600
32021700
32021800
32021850
32021900
32022000
32030100
32030200
32030300
32038000
32038100
32038200
32030400
32038300
32030500
32038400
32038500
32038600
32038700
32030600
32030700
32030800
32030900
32031000
32031100
32031200
32040100
32040200
32040300
32040400
32040500
32040600
32040700
32040800
32040900
32041000
32048200
32041100
32041200
32041300
32048300
32048310
32048320
32048330
32048340
32048350
32041400
32041500
32041600
32048000
32048010
32048020
32048030
32048040
32048050
32048060
32048070
32048080
32048090
32048100
32048110
32048120
32048130
32048140
32048150
32048160
32048170
32048180
32041700
32050100
32050200
32050300
32050350
32050400
32050500
32050600
32050700
32050800
32050900
32051000
32051100
32051110
32051120
32051130
32059100
32059110
32059120
32059200
32058000
32058020
32058050
32058080
32058010
32058013
32058017
32058030
32058040
32058060
32058070
32059000
32051200
32051300
32051400
32051450
32051500
32051600
32059300
32058100
32058103
32058107
32058110
32058120
32058130
32058140
32058150
32058160
32058170
32058180
32051700
32051800
32051900
32052000
32058200
32052100
32052200
32052250
32052270
32052300
32052400
32060100
32060200
32060300
32060400
32060500
32060600
32066000
32066010
32066020
32060700
32060800
32060900
32061000
32061100
32061200
32061300
32061400
32061500
32068000
32068100
32068200
32061550
32061600
32061650
32069000
32061700
32069100
32061750
32069200
32061800
32070100
32070200
32070300
32079000
32070400
32070500
32070600
32070700
32070800
32070900
32070950
32071000
32071050
32071100
32071200
32071250
32071300
32078000
32071400
32071500
32071600
32080100
32080200
32080250
32080280
32080300
32080400
32080500
32080600
32080700
32080800
32080900
32081000
32081100
32081150
32081200
32081300
32090100
32090200
32090300
32099000
32090400
32090500
32090550
32090600
32099100
32090700
32090800
32098000
32090900
32091000
32091100
32091200
32091250
32091300
32091400
32098100
32091500
32098200
32098300
32091550
32091600
32091650
32091700
32091800
32100100
32100200
32100300
32100400
32100500
32100600
32100700
32108000
32100800
32100900
32108100
32101000
32108200
32101100
32101200
32101300
32101400
32101500
32101600
32101650
32109000
32110100
#‚d‚m‚c
